file_name, test_count, validation_count, numbers
10077, 3, 3, 16, 14, 0, 6, 8, 21, 22, 5, 18, 11, 10, 1, 2, 15, 9, 24, 19, 13, 7, 12, 20, 23, 3, 25, 17, 4
10078, 3, 3, 40, 42, 55, 52, 26, 34, 54, 33, 38, 43, 49, 46, 31, 50, 32, 36, 47, 53, 39, 28, 48, 29, 27, 45, 30, 41, 35, 51, 44, 37
10081, 3, 3, 84, 81, 79, 72, 69, 62, 77, 85, 56, 63, 58, 78, 68, 82, 60, 74, 57, 73, 64, 66, 67, 80, 83, 61, 76, 71, 75, 65, 59, 70
pdb_6bqv, 2, 2, 87, 93, 92, 86, 88, 90, 89, 91
ss_1, 3, 3, 109, 173, 114, 102, 138, 184, 104, 195, 125, 107, 94, 177, 115, 149, 134, 186, 103, 142, 119, 112, 152, 188, 158, 129, 193, 187, 153, 172, 110, 160, 127, 191, 96, 147, 141, 111, 124, 165, 166, 174, 181, 183, 155, 118, 176, 189, 146, 194, 156, 139, 140, 126, 131, 162, 150, 145, 196, 117, 161, 180, 128, 101, 192, 133, 164, 116, 99, 98, 148, 105, 122, 190, 169, 121, 182, 108, 157, 144, 163, 171, 130, 159, 135, 170, 100, 95, 113, 185, 179, 123, 167, 136, 132, 143, 151, 120, 178, 168, 137, 154, 106, 175, 97
pdb_6bhu, 2, 2, 197, 203, 202, 204, 201, 200, 198, 199
pdb_6bcx, 2, 2, 207, 212, 210, 208, 205, 209, 211, 206
pdb_6bcq, 2, 2, 218, 215, 220, 214, 217, 216, 213, 219
pdb_6bco, 2, 2, 228, 221, 222, 223, 225, 224, 226, 227
pdb_6az1, 2, 2, 245, 250, 248, 249, 247, 252, 251, 246
pdb_5y6p, 3, 3, 267, 265, 274, 268, 263, 262, 258, 271, 254, 273, 256, 264, 270, 260, 259, 255, 266, 272, 253, 269, 261, 257
pdb_5xwy, 2, 2, 278, 275, 281, 282, 279, 280, 277, 276
pdb_5w3s, 2, 2, 293, 298, 296, 294, 291, 292, 297, 295
pdb_5ngm, 2, 2, 315, 313, 318, 314, 316, 312, 317, 319
pdb_5mmi, 2, 2, 321, 320, 322, 326, 324, 325, 323, 327
pdb_5foj, 1, 1, 331, 330, 329, 328, 332
pdb_4zor, 2, 2, 340, 333, 336, 334, 339, 335, 337, 338
pdb_3j9i, 2, 2, 345, 347, 350, 346, 352, 351, 348, 349
pdb_2gtl, 2, 2, 364, 368, 367, 361, 362, 366, 363, 365
pdb_1sa0, 2, 2, 374, 369, 373, 375, 376, 372, 371, 370
lf_1, 3, 3, 379, 384, 378, 381, 380, 377, 382, 385, 383, 386, 387
hh_2, 3, 3, 407, 389, 408, 413, 405, 388, 394, 410, 416, 406, 395, 417, 402, 404, 414, 393, 396, 409, 415, 392, 390, 399, 397, 412, 403, 391, 401, 421, 419, 420, 400, 418, 422, 411, 398, 423
gk_1, 3, 3, 431, 436, 439, 441, 437, 440, 428, 430, 426, 427, 434, 429, 424, 432, 438, 435, 433, 425
10156, 3, 3, 462, 459, 444, 446, 461, 447, 451, 443, 454, 448, 455, 460, 452, 445, 457, 450, 449, 442, 458, 453, 456
10153, 3, 3, 492, 479, 499, 483, 509, 513, 503, 473, 510, 494, 491, 486, 480, 532, 471, 518, 493, 524, 520, 474, 525, 481, 490, 469, 523, 505, 522, 495, 476, 511, 497, 464, 463, 515, 516, 501, 489, 527, 507, 487, 472, 468, 500, 488, 498, 514, 519, 521, 530, 526, 496, 478, 529, 475, 504, 467, 484, 528, 477, 485, 506, 466, 512, 502, 533, 470, 482, 508, 517, 531, 465
10122, 3, 3, 556, 540, 534, 542, 550, 551, 552, 543, 549, 547, 539, 558, 541, 557, 535, 546, 553, 548, 537, 554, 545, 544, 536, 555, 538
10097, 3, 3, 573, 562, 568, 587, 572, 574, 583, 569, 564, 575, 576, 561, 571, 581, 565, 580, 585, 578, 559, 566, 588, 582, 584, 563, 579, 560, 586, 567, 577, 570
10089, 3, 3, 600, 606, 603, 590, 604, 611, 592, 605, 593, 597, 596, 599, 598, 602, 591, 594, 612, 595, 609, 610, 589, 607, 608, 601
10084, 3, 3, 620, 616, 615, 626, 613, 619, 618, 623, 617, 614, 624, 622, 625, 621, 627
10017, 3, 3, 676, 646, 691, 707, 645, 701, 704, 667, 693, 700, 668, 635, 690, 629, 666, 640, 653, 705, 706, 641, 695, 685, 634, 654, 680, 652, 655, 639, 688, 681, 665, 633, 657, 673, 637, 677, 678, 687, 659, 632, 689, 683, 709, 671, 663, 658, 699, 686, 628, 647, 702, 698, 631, 703, 674, 692, 642, 710, 670, 650, 697, 651, 664, 711, 684, 694, 630, 675, 660, 644, 643, 672, 648, 638, 696, 679, 682, 656, 669, 649, 662, 636, 661, 708
pdb_6b7n, 2, 2, 231, 229, 234, 233, 235, 230, 232, 236
pdb_6b44, 2, 2, 242, 239, 237, 241, 243, 244, 240, 238
pdb_5xnl, 2, 2, 283, 285, 290, 287, 284, 286, 289, 288
pdb_5w3l, 2, 2, 305, 300, 299, 301, 304, 303, 302, 306
pdb_5vy5, 1, 1, 310, 307, 309, 311, 308
pdb_4hhb, 1, 1, 343, 344, 342, 341
pdb_2wri, 2, 2, 356, 360, 354, 353, 359, 355, 357, 358